0.000000000000000000e+00 0.000000000000000000e+00 0.000000000000000000e+00
0.000000000000000000e+00 0.000000000000000000e+00 0.000000000000000000e+00
0.000000000000000000e+00 0.000000000000000000e+00 0.000000000000000000e+00
0.000000000000000000e+00 0.000000000000000000e+00 0.000000000000000000e+00
0.000000000000000000e+00 0.000000000000000000e+00 0.000000000000000000e+00
0.000000000000000000e+00 0.000000000000000000e+00 0.000000000000000000e+00
0.000000000000000000e+00 0.000000000000000000e+00 0.000000000000000000e+00
0.000000000000000000e+00 0.000000000000000000e+00 0.000000000000000000e+00
0.000000000000000000e+00 0.000000000000000000e+00 0.000000000000000000e+00
0.000000000000000000e+00 0.000000000000000000e+00 0.000000000000000000e+00
0.000000000000000000e+00 0.000000000000000000e+00 0.000000000000000000e+00
2.716272736250080477e-12 2.716272736250080477e-12 2.716272736250080477e-12
4.434593317559354375e-11 4.434593317559354375e-11 4.434593317559354375e-11
1.069150670218732557e-07 1.069150670218732557e-07 1.069150670218732557e-07
4.954408723278902471e-07 4.954408723278902471e-07 4.954408723278902471e-07
2.243986045868950896e-06 2.243986045868950896e-06 2.243986045868950896e-06
6.892583769513294101e-06 6.892583769513294101e-06 6.892583769513294101e-06
1.742184213071595877e-05 1.742184213071595877e-05 1.742184213071595877e-05
3.755366196855902672e-05 3.755366196855902672e-05 3.755366196855902672e-05
7.096958870533853769e-05 7.096958870533853769e-05 7.096958870533853769e-05
1.225764717673882842e-04 1.225764717673882842e-04 1.225764717673882842e-04
1.997251820284873247e-04 1.997251820284873247e-04 1.997251820284873247e-04
3.151485871057957411e-04 3.151485871057957411e-04 3.151485871057957411e-04
4.908753326162695885e-04 4.908753326162695885e-04 4.908753326162695885e-04
7.620157557539641857e-04 7.620157557539641857e-04 7.620157557539641857e-04
1.181433210149407387e-03 1.181433210149407387e-03 1.181433210149407387e-03
1.827123109251260757e-03 1.827123109251260757e-03 1.827123109251260757e-03
2.812274964526295662e-03 2.812274964526295662e-03 2.812274964526295662e-03
4.298711195588111877e-03 4.298711195588111877e-03 4.298711195588111877e-03
6.516195368021726608e-03 6.516195368021726608e-03 6.516195368021726608e-03
9.790754877030849457e-03 9.790754877030849457e-03 9.790754877030849457e-03
1.458456553518772125e-02 1.458456553518772125e-02 1.458456553518772125e-02
2.155001088976860046e-02 2.155001088976860046e-02 2.155001088976860046e-02
3.160063549876213074e-02 3.160063549876213074e-02 3.160063549876213074e-02
4.600163921713829041e-02 4.600163921713829041e-02 4.600163921713829041e-02
6.648315489292144775e-02 6.648315489292144775e-02 6.648315489292144775e-02
9.538148343563079834e-02 9.538148343563079834e-02 9.538148343563079834e-02
1.358159482479095459e-01 1.358159482479095459e-01 1.358159482479095459e-01
1.919106245040893555e-01 1.919106245040893555e-01 1.919106245040893555e-01
2.690705657005310059e-01 2.690705657005310059e-01 2.690705657005310059e-01
3.743182420730590820e-01 3.743182420730590820e-01 3.743182420730590820e-01
5.166901350021362305e-01 5.166901350021362305e-01 5.166901350021362305e-01
7.076884508132934570e-01 7.076884508132934570e-01 7.076884508132934570e-01
9.617780447006225586e-01 9.617780447006225586e-01 9.617780447006225586e-01
1.296919107437133789e+00 1.296919107437133789e+00 1.296919107437133789e+00
1.735124349594116211e+00 1.735124349594116211e+00 1.735124349594116211e+00
2.303023815155029297e+00 2.303023815155029297e+00 2.303023815155029297e+00
3.032410860061645508e+00 3.032410860061645508e+00 3.032410860061645508e+00
3.960721731185913086e+00 3.960721731185913086e+00 3.960721731185913086e+00
5.131383419036865234e+00 5.131383419036865234e+00 5.131383419036865234e+00
6.593936920166015625e+00 6.593936920166015625e+00 6.593936920166015625e+00
8.403850555419921875e+00 8.403850555419921875e+00 8.403850555419921875e+00
1.062192344665527344e+01 1.062192344665527344e+01 1.062192344665527344e+01
1.331320762634277344e+01 1.331320762634277344e+01 1.331320762634277344e+01
1.654535102844238281e+01 1.654535102844238281e+01 1.654535102844238281e+01
2.038628959655761719e+01 2.038628959655761719e+01 2.038628959655761719e+01
2.490123176574707031e+01 2.490123176574707031e+01 2.490123176574707031e+01
3.014883995056152344e+01 3.014883995056152344e+01 3.014883995056152344e+01
3.617662048339843750e+01 3.617662048339843750e+01 3.617662048339843750e+01
4.301559066772460938e+01 4.301559066772460938e+01 4.301559066772460938e+01
5.067428970336914062e+01 5.067428970336914062e+01 5.067428970336914062e+01
5.913242340087890625e+01 5.913242340087890625e+01 5.913242340087890625e+01
6.833433532714843750e+01 6.833433532714843750e+01 6.833433532714843750e+01
7.818274688720703125e+01 7.818274688720703125e+01 7.818274688720703125e+01
8.853318786621093750e+01 8.853318786621093750e+01 8.853318786621093750e+01
9.918939208984375000e+01 9.918939208984375000e+01 9.918939208984375000e+01
1.099003677368164062e+02 1.099003677368164062e+02 1.099003677368164062e+02
1.203595581054687500e+02 1.203595581054687500e+02 1.203595581054687500e+02
1.302064666748046875e+02 1.302064666748046875e+02 1.302064666748046875e+02
1.390314788818359375e+02 1.390314788818359375e+02 1.390314788818359375e+02
1.463840179443359375e+02 1.463840179443359375e+02 1.463840179443359375e+02
1.517839660644531250e+02 1.517839660644531250e+02 1.517839660644531250e+02
1.547366638183593750e+02 1.547366638183593750e+02 1.547366638183593750e+02
1.547508087158203125e+02 1.547508087158203125e+02 1.547508087158203125e+02
1.513591003417968750e+02 1.513591003417968750e+02 1.513591003417968750e+02
1.441405944824218750e+02 1.441405944824218750e+02 1.441405944824218750e+02
1.327441711425781250e+02 1.327441711425781250e+02 1.327441711425781250e+02
1.169115295410156250e+02 1.169115295410156250e+02 1.169115295410156250e+02
9.649907684326171875e+01 9.649907684326171875e+01 9.649907684326171875e+01
7.149683380126953125e+01 7.149683380126953125e+01 7.149683380126953125e+01
4.204331970214843750e+01 4.204331970214843750e+01 4.204331970214843750e+01
8.435470581054687500e+00 8.435470581054687500e+00 8.435470581054687500e+00
-2.886768341064453125e+01 -2.886768341064453125e+01 -2.886768341064453125e+01
-6.924796295166015625e+01 -6.924796295166015625e+01 -6.924796295166015625e+01
-1.119378814697265625e+02 -1.119378814697265625e+02 -1.119378814697265625e+02
-1.560376281738281250e+02 -1.560376281738281250e+02 -1.560376281738281250e+02
-2.005385437011718750e+02 -2.005385437011718750e+02 -2.005385437011718750e+02
-2.443522796630859375e+02 -2.443522796630859375e+02 -2.443522796630859375e+02
-2.863448486328125000e+02 -2.863448486328125000e+02 -2.863448486328125000e+02
-3.253735961914062500e+02 -3.253735961914062500e+02 -3.253735961914062500e+02
-3.603260192871093750e+02 -3.603260192871093750e+02 -3.603260192871093750e+02
-3.901583251953125000e+02 -3.901583251953125000e+02 -3.901583251953125000e+02
-4.139325256347656250e+02 -4.139325256347656250e+02 -4.139325256347656250e+02
-4.308500366210937500e+02 -4.308500366210937500e+02 -4.308500366210937500e+02
-4.402811584472656250e+02 -4.402811584472656250e+02 -4.402811584472656250e+02
-4.417883911132812500e+02 -4.417883911132812500e+02 -4.417883911132812500e+02
-4.351434326171875000e+02 -4.351434326171875000e+02 -4.351434326171875000e+02
-4.203361206054687500e+02 -4.203361206054687500e+02 -4.203361206054687500e+02
-3.975770874023437500e+02 -3.975770874023437500e+02 -3.975770874023437500e+02
-3.672920532226562500e+02 -3.672920532226562500e+02 -3.672920532226562500e+02
-3.301098022460937500e+02 -3.301098022460937500e+02 -3.301098022460937500e+02
-2.868431396484375000e+02 -2.868431396484375000e+02 -2.868431396484375000e+02
-2.384644622802734375e+02 -2.384644622802734375e+02 -2.384644622802734375e+02
-1.860762939453125000e+02 -1.860762939453125000e+02 -1.860762939453125000e+02
-1.308781127929687500e+02 -1.308781127929687500e+02 -1.308781127929687500e+02
-7.413046264648437500e+01 -7.413046264648437500e+01 -7.413046264648437500e+01
-1.711758804321289062e+01 -1.711758804321289062e+01 -1.711758804321289062e+01
3.889038467407226562e+01 3.889038467407226562e+01 3.889038467407226562e+01
9.267419433593750000e+01 9.267419433593750000e+01 9.267419433593750000e+01
1.431001892089843750e+02 1.431001892089843750e+02 1.431001892089843750e+02
1.891520843505859375e+02 1.891520843505859375e+02 1.891520843505859375e+02
2.299583435058593750e+02 2.299583435058593750e+02 2.299583435058593750e+02
2.648145751953125000e+02 2.648145751953125000e+02 2.648145751953125000e+02
2.931998901367187500e+02 2.931998901367187500e+02 2.931998901367187500e+02
3.147869873046875000e+02 3.147869873046875000e+02 3.147869873046875000e+02
3.294452514648437500e+02 3.294452514648437500e+02 3.294452514648437500e+02
3.372373962402343750e+02 3.372373962402343750e+02 3.372373962402343750e+02
3.384092102050781250e+02 3.384092102050781250e+02 3.384092102050781250e+02
3.333732910156250000e+02 3.333732910156250000e+02 3.333732910156250000e+02
3.226873474121093750e+02 3.226873474121093750e+02 3.226873474121093750e+02
3.070280761718750000e+02 3.070280761718750000e+02 3.070280761718750000e+02
2.871618652343750000e+02 2.871618652343750000e+02 2.871618652343750000e+02
2.639136962890625000e+02 2.639136962890625000e+02 2.639136962890625000e+02
2.381360473632812500e+02 2.381360473632812500e+02 2.381360473632812500e+02
2.106785430908203125e+02 2.106785430908203125e+02 2.106785430908203125e+02
1.823597106933593750e+02 1.823597106933593750e+02 1.823597106933593750e+02
1.539420928955078125e+02 1.539420928955078125e+02 1.539420928955078125e+02
1.261113433837890625e+02 1.261113433837890625e+02 1.261113433837890625e+02
9.946053314208984375e+01 9.946053314208984375e+01 9.946053314208984375e+01
7.447941589355468750e+01 7.447941589355468750e+01 7.447941589355468750e+01
5.154914855957031250e+01 5.154914855957031250e+01 5.154914855957031250e+01
3.094197082519531250e+01 3.094197082519531250e+01 3.094197082519531250e+01
1.282532787322998047e+01 1.282532787322998047e+01 1.282532787322998047e+01
-2.730405330657958984e+00 -2.730405330657958984e+00 -2.730405330657958984e+00
-1.574127197265625000e+01 -1.574127197265625000e+01 -1.574127197265625000e+01
-2.629692649841308594e+01 -2.629692649841308594e+01 -2.629692649841308594e+01
-3.454644775390625000e+01 -3.454644775390625000e+01 -3.454644775390625000e+01
-4.068368148803710938e+01 -4.068368148803710938e+01 -4.068368148803710938e+01
-4.493296813964843750e+01 -4.493296813964843750e+01 -4.493296813964843750e+01
-4.753592681884765625e+01 -4.753592681884765625e+01 -4.753592681884765625e+01
-4.873977279663085938e+01 -4.873977279663085938e+01 -4.873977279663085938e+01
-4.878745651245117188e+01 -4.878745651245117188e+01 -4.878745651245117188e+01
-4.790978240966796875e+01 -4.790978240966796875e+01 -4.790978240966796875e+01
-4.631938934326171875e+01 -4.631938934326171875e+01 -4.631938934326171875e+01
-4.420668792724609375e+01 -4.420668792724609375e+01 -4.420668792724609375e+01
-4.173738098144531250e+01 -4.173738098144531250e+01 -4.173738098144531250e+01
-3.905173110961914062e+01 -3.905173110961914062e+01 -3.905173110961914062e+01
-3.626510238647460938e+01 -3.626510238647460938e+01 -3.626510238647460938e+01
-3.346942520141601562e+01 -3.346942520141601562e+01 -3.346942520141601562e+01
-3.073527145385742188e+01 -3.073527145385742188e+01 -3.073527145385742188e+01
-2.811439514160156250e+01 -2.811439514160156250e+01 -2.811439514160156250e+01
-2.564227867126464844e+01 -2.564227867126464844e+01 -2.564227867126464844e+01
-2.334083366394042969e+01 -2.334083366394042969e+01 -2.334083366394042969e+01
-2.122107315063476562e+01 -2.122107315063476562e+01 -2.122107315063476562e+01
-1.928562927246093750e+01 -1.928562927246093750e+01 -1.928562927246093750e+01
-1.753092193603515625e+01 -1.753092193603515625e+01 -1.753092193603515625e+01
-1.594904232025146484e+01 -1.594904232025146484e+01 -1.594904232025146484e+01
-1.452919101715087891e+01 -1.452919101715087891e+01 -1.452919101715087891e+01
-1.325880432128906250e+01 -1.325880432128906250e+01 -1.325880432128906250e+01
-1.212442779541015625e+01 -1.212442779541015625e+01 -1.212442779541015625e+01
-1.111245346069335938e+01 -1.111245346069335938e+01 -1.111245346069335938e+01
-1.020970916748046875e+01 -1.020970916748046875e+01 -1.020970916748046875e+01
-9.403868675231933594e+00 -9.403868675231933594e+00 -9.403868675231933594e+00
-8.683654785156250000e+00 -8.683654785156250000e+00 -8.683654785156250000e+00
-8.038886070251464844e+00 -8.038886070251464844e+00 -8.038886070251464844e+00
-7.460417270660400391e+00 -7.460416793823242188e+00 -7.460417270660400391e+00
-6.940068721771240234e+00 -6.940068244934082031e+00 -6.940068721771240234e+00
-6.470596790313720703e+00 -6.470595836639404297e+00 -6.470596790313720703e+00
-6.045666217803955078e+00 -6.045663833618164062e+00 -6.045666694641113281e+00
-5.659837245941162109e+00 -5.659834384918212891e+00 -5.659839630126953125e+00
-5.308461666107177734e+00 -5.308455944061279297e+00 -5.308465957641601562e+00
-4.987560749053955078e+00 -4.987552165985107422e+00 -4.987568855285644531e+00
-4.693668842315673828e+00 -4.693657875061035156e+00 -4.693683147430419922e+00
-4.423743247985839844e+00 -4.423730850219726562e+00 -4.423767089843750000e+00
-4.175101280212402344e+00 -4.175089359283447266e+00 -4.175140380859375000e+00
-3.945429325103759766e+00 -3.945419311523437500e+00 -3.945490360260009766e+00
-3.732747793197631836e+00 -3.732741832733154297e+00 -3.732839345932006836e+00
-3.535369873046875000e+00 -3.535371780395507812e+00 -3.535501480102539062e+00
-3.351817369461059570e+00 -3.351833105087280273e+00 -3.352001190185546875e+00
-3.180758953094482422e+00 -3.180794954299926758e+00 -3.181010007858276367e+00
-3.020968437194824219e+00 -3.021032333374023438e+00 -3.021308183670043945e+00
-2.871329784393310547e+00 -2.871429920196533203e+00 -2.871786594390869141e+00
-2.730825662612915039e+00 -2.730973005294799805e+00 -2.731436967849731445e+00
-2.598545074462890625e+00 -2.598751306533813477e+00 -2.599357366561889648e+00
-2.473633289337158203e+00 -2.473913669586181641e+00 -2.474705696105957031e+00
-2.355246305465698242e+00 -2.355618715286254883e+00 -2.356653451919555664e+00
-2.242517948150634766e+00 -2.243005990982055664e+00 -2.244356155395507812e+00
-2.134554624557495117e+00 -2.135188102722167969e+00 -2.136947870254516602e+00
-2.030425071716308594e+00 -2.031240940093994141e+00 -2.033529996871948242e+00
-1.929152369499206543e+00 -1.930199265480041504e+00 -1.933166742324829102e+00
-1.829688549041748047e+00 -1.831029176712036133e+00 -1.834858536720275879e+00
-1.730850100517272949e+00 -1.732561945915222168e+00 -1.737477064132690430e+00
-1.631263971328735352e+00 -1.633442044258117676e+00 -1.639715194702148438e+00
-1.529348611831665039e+00 -1.532107830047607422e+00 -1.540069222450256348e+00
-1.423317909240722656e+00 -1.426796317100524902e+00 -1.436843037605285645e+00
-1.311149239540100098e+00 -1.315511107444763184e+00 -1.328116178512573242e+00
-1.190554618835449219e+00 -1.195992827415466309e+00 -1.211713671684265137e+00
-1.058909773826599121e+00 -1.065649628639221191e+00 -1.085135102272033691e+00
-9.131919145584106445e-01 -9.214924573898315430e-01 -9.454908370971679688e-01
-7.499197125434875488e-01 -7.600733637809753418e-01 -7.894405126571655273e-01
-5.651657581329345703e-01 -5.774993896484375000e-01 -6.132038235664367676e-01
-3.545910716056823730e-01 -3.694654703140258789e-01 -4.125899076461791992e-01
-1.134843230247497559e-01 -1.312945187091827393e-01 -1.830311864614486694e-01
1.632285118103027344e-01 1.420541703701019287e-01 8.041380345821380615e-02
4.809485971927642822e-01 4.559525251388549805e-01 3.830353021621704102e-01
8.453612923622131348e-01 8.160648345947265625e-01 7.304408550262451172e-01
1.262318015098571777e+00 1.228233695030212402e+00 1.128451943397521973e+00
1.737653017044067383e+00 1.698302149772644043e+00 1.582936763763427734e+00
2.276897907257080078e+00 2.231832981109619141e+00 2.099544525146484375e+00
2.884975433349609375e+00 2.833806753158569336e+00 2.683420181274414062e+00
3.565874099731445312e+00 3.508302211761474609e+00 3.338898658752441406e+00
4.322275638580322266e+00 4.258130073547363281e+00 4.069151401519775391e+00
5.155120849609375000e+00 5.084402084350585938e+00 4.875772476196289062e+00
6.063106060028076172e+00 5.986033439636230469e+00 5.758285999298095703e+00
7.042107582092285156e+00 6.959166049957275391e+00 6.713588237762451172e+00
8.084566116333007812e+00 7.996555805206298828e+00 7.735337257385253906e+00
9.178880691528320312e+00 9.086958885192871094e+00 8.813344001770019531e+00
1.030884265899658203e+01 1.021457481384277344e+01 9.933004379272460938e+00
1.145315170288085938e+01 1.135854816436767578e+01 1.107478809356689453e+01
1.258498668670654297e+01 1.249253559112548828e+01 1.221377563476562500e+01
1.367169380187988281e+01 1.358437347412109375e+01 1.331929111480712891e+01
1.467461967468261719e+01 1.459590435028076172e+01 1.435467529296875000e+01
1.554919433593750000e+01 1.548302936553955078e+01 1.527728080749511719e+01
1.624528121948242188e+01 1.619604682922363281e+01 1.603873634338378906e+01
1.670790290832519531e+01 1.668033599853515625e+01 1.658555603027343750e+01
1.687831115722656250e+01 1.687740516662597656e+01 1.686007881164550781e+01
1.669542694091796875e+01 1.672630500793457031e+01 1.680181312561035156e+01
1.609766197204589844e+01 1.616540527343750000e+01 1.634907913208007812e+01
1.502511119842529297e+01 1.513456535339355469e+01 1.544110298156738281e+01
1.342214965820312500e+01 1.357768726348876953e+01 1.402048206329345703e+01
1.124036312103271484e+01 1.144563484191894531e+01 1.203602886199951172e+01
8.441762924194335938e+00 8.699423789978027344e+00 9.445909500122070312e+00
5.002113342285156250e+00 5.313551902770996094e+00 6.220962524414062500e+00
9.142429828643798828e-01 1.279318094253540039e+00 2.348023891448974609e+00
-3.808835029602050781e+00 -3.392037630081176758e+00 -2.166868686676025391e+00
-9.131153106689453125e+00 -8.666525840759277344e+00 -7.295568466186523438e+00
-1.499151611328125000e+01 -1.448507881164550781e+01 -1.298535537719726562e+01
-2.130192565917968750e+01 -2.076192092895507812e+01 -1.915710830688476562e+01
-2.794692802429199219e+01 -2.738382339477539062e+01 -2.570432472229003906e+01
-3.478408050537109375e+01 -3.421049499511718750e+01 -3.249323654174804688e+01
-4.164569473266601562e+01 -4.107621002197265625e+01 -3.936412429809570312e+01
-4.834199905395507812e+01 -4.779285812377929688e+01 -4.613403320312500000e+01
-5.466568756103515625e+01 -5.415439987182617188e+01 -5.260087966918945312e+01
-6.039782333374023438e+01 -5.994263839721679688e+01 -5.854894638061523438e+01
-6.531497955322265625e+01 -6.493428802490234375e+01 -6.375564193725585938e+01
-6.919745635986328125e+01 -6.890908813476562500e+01 -6.799939727783203125e+01
-7.183830261230468750e+01 -7.165882873535156250e+01 -7.106851196289062500e+01
-7.305286407470703125e+01 -7.299684143066406250e+01 -7.277056884765625000e+01
-7.268841552734375000e+01 -7.276761627197265625e+01 -7.294207763671875000e+01
-7.063333129882812500e+01 -7.085609436035156250e+01 -7.145779418945312500e+01
-6.682527160644531250e+01 -6.719586944580078125e+01 -6.823928070068359375e+01
-6.125801849365234375e+01 -6.177614974975585938e+01 -6.326214599609375000e+01
-5.398619079589843750e+01 -5.464664077758789062e+01 -5.656141662597656250e+01
-4.512777328491210938e+01 -4.592021179199218750e+01 -4.823472213745117188e+01
-3.486387252807617188e+01 -3.577291488647460938e+01 -3.844287872314453125e+01
-2.343565368652343750e+01 -2.444105911254882812e+01 -2.740763664245605469e+01
-1.113817977905273438e+01 -1.221534252166748047e+01 -1.540644550323486328e+01
1.688634872436523438e+00 5.680046081542968750e-01 -2.764228820800781250e+00
1.467173862457275391e+01 1.353875637054443359e+01 1.015755367279052734e+01
2.741890335083007812e+01 2.630649757385253906e+01 2.297421264648437500e+01
3.953432846069335938e+01 3.847609710693359375e+01 3.529293441772460938e+01
5.063513946533203125e+01 4.966414642333984375e+01 4.672896957397460938e+01
6.036806106567382812e+01 5.951558685302734375e+01 5.692214202880859375e+01
6.842533874511718750e+01 6.771963500976562500e+01 6.555283355712890625e+01
7.455911254882812500e+01 7.402422332763671875e+01 7.235663604736328125e+01
7.859327697753906250e+01 7.824799346923828125e+01 7.713677215576171875e+01
8.043222808837890625e+01 8.028925323486328125e+01 7.977352905273437500e+01
8.006591796875000000e+01 8.013114929199218750e+01 8.023014831542968750e+01
7.757061767578125000e+01 7.784275817871093750e+01 7.855458831787109375e+01
7.310554504394531250e+01 7.357601165771484375e+01 7.487728118896484375e+01
6.690532684326171875e+01 6.755837249755859375e+01 6.940469360351562500e+01
5.926864242553710938e+01 6.008182525634765625e+01 6.240908050537109375e+01
5.054360961914062500e+01 5.148851394653320312e+01 5.421494674682617188e+01
4.111073303222656250e+01 4.215393447875976562e+01 4.518299102783203125e+01
3.136424446105957031e+01 3.246849060058593750e+01 3.569232177734375000e+01
2.169297027587890625e+01 2.281857109069824219e+01 2.612200546264648438e+01
1.246175670623779297e+01 1.356809425354003906e+01 1.683301734924316406e+01
3.994548797607421875e+00 5.041673660278320312e+00 8.151605606079101562e+00
-3.439956665039062500e+00 -2.489721775054931641e+00 3.549809455871582031e-01
-9.639316558837890625e+00 -8.819807052612304688e+00 -6.339870452880859375e+00
-1.447439670562744141e+01 -1.381415939331054688e+01 -1.178369331359863281e+01
-1.789218521118164062e+01 -1.741322708129882812e+01 -1.589848995208740234e+01
-1.991431808471679688e+01 -1.963109016418457031e+01 -1.867699623107910156e+01
-2.063146781921386719e+01 -2.055016136169433594e+01 -2.017822837829589844e+01
-2.019406890869140625e+01 -2.031224822998046875e+01 -2.051954269409179688e+01
-1.880008697509765625e+01 -1.910672378540039062e+01 -1.986585235595703125e+01
-1.668063545227050781e+01 -1.715655708312988281e+01 -1.841676139831542969e+01
-1.408444499969482422e+01 -1.470316028594970703e+01 -1.639251518249511719e+01
-1.126210498809814453e+01 -1.199103736877441406e+01 -1.401967906951904297e+01
-8.451148986816406250e+00 -9.253182411193847656e+00 -1.151745223999023438e+01
-5.862777709960937500e+00 -6.698029518127441406e+00 -9.085390090942382812e+00
-3.670981884002685547e+00 -4.498758792877197266e+00 -6.893230438232421875e+00
-2.004629135131835938e+00 -2.785466909408569336e+00 -5.073300361633300781e+00
-9.428789019584655762e-01 -1.640531182289123535e+00 -3.715819358825683594e+00
-5.139955282211303711e-01 -1.097257137298583984e+00 -2.867162704467773438e+00
-6.974208950996398926e-01 -1.141677021980285645e+00 -2.530988216400146484e+00
-1.428790330886840820e+00 -1.717190980911254883e+00 -2.671892881393432617e+00
-2.607367038726806641e+00 -2.731546640396118164e+00 -3.221228599548339844e+00
-4.105272293090820312e+00 -4.065585136413574219e+00 -4.084499359130859375e+00
-5.777805328369140625e+00 -5.583045959472656250e+00 -5.149746894836425781e+00
-7.474077224731445312e+00 -7.140729427337646484e+00 -6.296341419219970703e+00
-9.047264099121093750e+00 -8.598306655883789062e+00 -7.403521060943603516e+00
-1.036382102966308594e+01 -9.827191352844238281e+00 -8.358200073242187500e+00
-1.131110954284667969e+01 -1.071793842315673828e+01 -9.061604499816894531e+00
-1.180309486389160156e+01 -1.118582630157470703e+01 -9.434413909912109375e+00
-1.178391838073730469e+01 -1.117444419860839844e+01 -9.420272827148437500e+00
-1.122931861877441406e+01 -1.065725040435791016e+01 -8.987627983093261719e+00
-1.014598178863525391e+01 -9.637175559997558594e+00 -8.129920005798339844e+00
-8.569065093994140625e+00 -8.144479751586914062e+00 -6.864314079284667969e+00
-6.558270454406738281e+00 -6.233199596405029297e+00 -5.229191780090332031e+00
-4.192866325378417969e+00 -3.976582527160644531e+00 -3.280727386474609375e+00
-1.566135406494140625e+00 -1.461935997009277344e+00 -1.088881015777587891e+00
1.220308780670166016e+00 1.214679718017578125e+00 1.266854524612426758e+00
4.061882019042968750e+00 3.953547000885009766e+00 3.701667308807373047e+00
6.855804443359375000e+00 6.655849456787109375e+00 6.129314422607421875e+00
9.505022048950195312e+00 9.227514266967773438e+00 8.465554237365722656e+00
1.192119789123535156e+01 1.158220291137695312e+01 1.063098526000976562e+01
1.402673721313476562e+01 1.364340686798095703e+01 1.255324077606201172e+01
1.575591564178466797e+01 1.534569644927978516e+01 1.416851806640625000e+01
1.705525588989257812e+01 1.663525009155273438e+01 1.542252254486083984e+01
1.788335227966308594e+01 1.746985435485839844e+01 1.627093505859375000e+01
1.821039581298828125e+01 1.781857490539550781e+01 1.667954254150390625e+01
1.801760864257812500e+01 1.766131782531738281e+01 1.662417984008789062e+01
1.729679298400878906e+01 1.698846244812011719e+01 1.609062957763671875e+01
1.605009460449218750e+01 1.580066299438476562e+01 1.507460021972656250e+01
1.429006481170654297e+01 1.410888290405273438e+01 1.358180713653564453e+01
1.203998184204101562e+01 1.193466377258300781e+01 1.162819004058837891e+01
9.334378242492675781e+00 9.310583114624023438e+00 9.240258216857910156e+00
6.219652175903320312e+00 6.280797004699707031e+00 6.455493927001953125e+00
2.754591464996337891e+00 2.901521682739257812e+00 3.322716474533081055e+00
-9.893867969512939453e-01 -7.587199211120605469e-01 -9.770941734313964844e-02
-4.928468704223632812e+00 -4.619287967681884766e+00 -3.733959674835205078e+00
-8.967334747314453125e+00 -8.588210105895996094e+00 -7.503286361694335938e+00
-1.300079154968261719e+01 -1.256365776062011719e+01 -1.131311607360839844e+01
-1.691618728637695312e+01 -1.643616676330566406e+01 -1.506275558471679688e+01
-2.059658050537109375e+01 -2.009158515930175781e+01 -1.864575386047363281e+01
-2.392455101013183594e+01 -2.341465759277343750e+01 -2.195288276672363281e+01
-2.678650856018066406e+01 -2.629314613342285156e+01 -2.487568473815917969e+01
-2.907731437683105469e+01 -2.862226104736328125e+01 -2.731047058105468750e+01
-3.070494461059570312e+01 -3.030922126770019531e+01 -2.916255378723144531e+01
-3.159494590759277344e+01 -3.127766990661621094e+01 -3.035054206848144531e+01
-3.169438171386718750e+01 -3.147166252136230469e+01 -3.081043815612792969e+01
-3.097502708435058594e+01 -3.085900688171386719e+01 -3.049930000305175781e+01
-2.943564796447753906e+01 -2.943373489379882812e+01 -2.939822387695312500e+01
-2.710316276550292969e+01 -2.721754646301269531e+01 -2.751449203491210938e+01
-2.403263664245605469e+01 -2.426012802124023438e+01 -2.488266944885253906e+01
-2.030608367919921875e+01 -2.063823890686035156e+01 -2.156456565856933594e+01
-1.603005027770996094e+01 -1.645359039306640625e+01 -1.764796638488769531e+01
-1.133204841613769531e+01 -1.182955360412597656e+01 -1.324411201477050781e+01
-6.356000423431396484e+00 -6.906827449798583984e+00 -8.484027862548828125e+00
-1.256889343261718750e+00 -1.838242530822753906e+00 -3.513836860656738281e+00
3.805145978927612305e+00 3.217046499252319336e+00 1.510751724243164062e+00
8.671010971069335938e+00 8.099732398986816406e+00 6.430500984191894531e+00
1.318888664245605469e+01 1.265663528442382812e+01 1.108902931213378906e+01
1.722022438049316406e+01 1.674682044982910156e+01 1.533919525146484375e+01
2.064524078369140625e+01 2.024724578857421875e+01 1.904919433593750000e+01
2.336763000488281250e+01 2.305770874023437500e+01 2.210803604125976562e+01
2.531828308105468750e+01 2.510476303100585938e+01 2.443011474609375000e+01
2.645777320861816406e+01 2.634446144104003906e+01 2.595860862731933594e+01
2.677751350402832031e+01 2.676374244689941406e+01 2.666753005981445312e+01
2.629952430725097656e+01 2.638040924072265625e+01 2.656236076354980469e+01
2.507483100891113281e+01 2.524172019958496094e+01 2.567919731140136719e+01
2.318060874938964844e+01 2.342168807983398438e+01 2.408251953125000000e+01
2.071615409851074219e+01 2.101717185974121094e+01 2.186168098449707031e+01
1.779793548583984375e+01 1.814300537109375000e+01 1.912624740600585938e+01
1.455394840240478516e+01 1.492640399932861328e+01 1.600054931640625000e+01
1.111772632598876953e+01 1.150094127655029297e+01 1.261766719818115234e+01
7.622319221496582031e+00 8.000473022460937500e+00 9.113225936889648438e+00
4.194559097290039062e+00 4.553318023681640625e+00 5.619350433349609375e+00
9.499173164367675781e-01 1.276992797851562500e+00 2.259070396423339844e+00
-2.011830329895019531e+00 -1.726254582405090332e+00 -8.585431575775146484e-01
-4.609926223754882812e+00 -4.372944831848144531e+00 -3.642308235168457031e+00
-6.784841537475585938e+00 -6.600728988647460938e+00 -6.021755695343017578e+00
-8.499308586120605469e+00 -8.369571685791015625e+00 -7.948759078979492188e+00
-9.738162994384765625e+00 -9.661737442016601562e+00 -9.397927284240722656e+00
-1.050710391998291016e+01 -1.048065757751464844e+01 -1.036583995819091797e+01
-1.083052253723144531e+01 -1.084885692596435547e+01 -1.086925506591796875e+01
-1.074861621856689453e+01 -1.080511188507080078e+01 -1.094248104095458984e+01
-1.031399631500244141e+01 -1.040110206604003906e+01 -1.063413524627685547e+01
-9.588028907775878906e+00 -9.697746276855468750e+00 -1.000349426269531250e+01
-8.637103080749511719e+00 -8.761449813842773438e+00 -9.116672515869140625e+00
-7.529027938842773438e+00 -7.660451412200927734e+00 -8.042819023132324219e+00
-6.329744815826416016e+00 -6.461469173431396484e+00 -6.850558280944824219e+00
-5.100517749786376953e+00 -5.226789951324462891e+00 -5.604854106903076172e+00
-3.895704984664916992e+00 -4.011942863464355469e+00 -4.364429473876953125e+00
-2.761160850524902344e+00 -2.864000797271728516e+00 -3.179832935333251953e+00
-1.733266234397888184e+00 -1.820530533790588379e+00 -2.092154026031494141e+00
-8.385347127914428711e-01 -9.091489315032958984e-01 -1.132364034652709961e+00
-9.375149011611938477e-02 -1.476150155067443848e-01 -3.212422132492065430e-01
4.934301972389221191e-01 4.555994272232055664e-01 3.301717638969421387e-01
9.234972596168518066e-01 9.003386497497558594e-01 8.196835517883300781e-01
1.203785181045532227e+00 1.193484187126159668e+00 1.152688741683959961e+00
1.347007870674133301e+00 1.347485184669494629e+00 1.340688347816467285e+00
1.369733333587646484e+00 1.378824949264526367e+00 1.399711370468139648e+00
1.290920138359069824e+00 1.306524395942687988e+00 1.348756194114685059e+00
1.130584478378295898e+00 1.150762796401977539e+00 1.208342909812927246e+00
9.086415171623229980e-01 9.316830635070800781e-01 9.992328882217407227e-01
6.439462304115295410e-01 6.684038043022155762e-01 7.413456439971923828e-01
3.535519242286682129e-01 3.782609999179840088e-01 4.529042840003967285e-01
5.221012234687805176e-02 7.629740238189697266e-02 1.498453319072723389e-01
-2.478644847869873047e-01 -2.249877750873565674e-01 -1.545043736696243286e-01
-5.369850993156433105e-01 -5.156491994857788086e-01 -4.494839608669281006e-01
-8.077858686447143555e-01 -7.881142497062683105e-01 -7.269436120986938477e-01
-1.054884672164916992e+00 -1.036868214607238770e+00 -9.809426069259643555e-01
-1.274494171142578125e+00 -1.258065700531005859e+00 -1.207362294197082520e+00
-1.464013338088989258e+00 -1.449108242988586426e+00 -1.403484821319580078e+00
-1.621623754501342773e+00 -1.608220934867858887e+00 -1.567552924156188965e+00
-1.745918869972229004e+00 -1.734064459800720215e+00 -1.698356032371520996e+00
-1.835591077804565430e+00 -1.825409293174743652e+00 -1.794880628585815430e+00
-1.889219641685485840e+00 -1.880915522575378418e+00 -1.856046676635742188e+00
-1.905196905136108398e+00 -1.899052858352661133e+00 -1.880584597587585449e+00
-1.881788134574890137e+00 -1.878152489662170410e+00 -1.867047309875488281e+00
-1.817301034927368164e+00 -1.816565036773681641e+00 -1.813933014869689941e+00
-1.710319280624389648e+00 -1.712882041931152344e+00 -1.719877839088439941e+00
-1.559955358505249023e+00 -1.566182255744934082e+00 -1.583888053894042969e+00
-1.366097211837768555e+00 -1.376282453536987305e+00 -1.405593872070312500e+00
-1.129647731781005859e+00 -1.143983960151672363e+00 -1.185506463050842285e+00
-8.527473807334899902e-01 -8.713017702102661133e-01 -9.252668023109436035e-01
-5.389502048492431641e-01 -5.616447925567626953e-01 -6.278495788574218750e-01
-1.933175027370452881e-01 -2.199128270149230957e-01 -2.976825833320617676e-01
1.776086986064910889e-01 1.475230455398559570e-01 5.935448408126831055e-02
5.659495592117309570e-01 5.329591035842895508e-01 4.360442161560058594e-01
9.627314805984497070e-01 9.275840520858764648e-01 8.240351676940917969e-01
1.358187198638916016e+00 1.321766138076782227e+00 1.214093685150146484e+00
1.742080450057983398e+00 1.705364465713500977e+00 1.596391558647155762e+00
2.104045152664184570e+00 2.068064689636230469e+00 1.960819602012634277e+00
2.433938980102539062e+00 2.399738550186157227e+00 2.297335863113403320e+00
2.722210884094238281e+00 2.690816402435302734e+00 2.596336603164672852e+00
2.960262775421142578e+00 2.932653188705444336e+00 2.849032402038574219e+00
3.140763282775878906e+00 3.117841482162475586e+00 3.047774314880371094e+00
3.257889986038208008e+00 3.240453958511352539e+00 3.186304807662963867e+00
3.307491779327392578e+00 3.296201467514038086e+00 3.259926080703735352e+00
3.287188529968261719e+00 3.282532930374145508e+00 3.265609502792358398e+00
3.196430683135986328e+00 3.198705196380615234e+00 3.202078342437744141e+00
3.036525964736938477e+00 3.045817613601684570e+00 3.069860696792602539e+00
2.810628175735473633e+00 2.826810598373413086e+00 2.871309041976928711e+00
2.523667335510253906e+00 2.546408653259277344e+00 2.610553264617919922e+00
2.182215690612792969e+00 2.210993766784667969e+00 2.293393611907958984e+00
1.794303178787231445e+00 1.828423142433166504e+00 1.927134871482849121e+00
1.369217157363891602e+00 1.407828569412231445e+00 1.520401716232299805e+00
9.172970056533813477e-01 9.594120979309082031e-01 1.082950830459594727e+00
4.497266411781311035e-01 4.942420721054077148e-01 6.254837512969970703e-01
-2.169722318649291992e-02 2.402213215827941895e-02 1.594303250312805176e-01
-4.848476648330688477e-01 -4.391844570636749268e-01 -3.033171892166137695e-01
-9.275932312011718750e-01 -8.832734227180480957e-01 -7.507215738296508789e-01
-1.338148951530456543e+00 -1.296444535255432129e+00 -1.170944333076477051e+00
-1.705417394638061523e+00 -1.667541980743408203e+00 -1.552683353424072266e+00
-2.019303560256958008e+00 -1.986371517181396484e+00 -1.885491728782653809e+00
-2.271008729934692383e+00 -2.243997573852539062e+00 -2.160079717636108398e+00
-2.453320741653442383e+00 -2.433041095733642578e+00 -2.368610382080078125e+00
-2.560911417007446289e+00 -2.547979116439819336e+00 -2.505009174346923828e+00
-2.590616703033447266e+00 -2.585429430007934570e+00 -2.565256834030151367e+00
-2.541666030883789062e+00 -2.544381618499755859e+00 -2.547636508941650391e+00
-2.415819406509399414e+00 -2.426337242126464844e+00 -2.452890157699584961e+00
-2.217397928237915039e+00 -2.235348224639892578e+00 -2.284280538558959961e+00
-1.953213334083557129e+00 -1.977959156036376953e+00 -2.047564029693603516e+00
-1.632418990135192871e+00 -1.663072347640991211e+00 -1.750885725021362305e+00
-1.266285419464111328e+00 -1.301734924316406250e+00 -1.404601335525512695e+00
-8.678863048553466797e-01 -9.068372249603271484e-01 -1.021006822586059570e+00
-4.516789317131042480e-01 -4.926995635032653809e-01 -6.139571070671081543e-01
-3.297299146652221680e-02 -7.454308867454528809e-02 -1.983649134635925293e-01
3.726910948753356934e-01 3.321267664432525635e-01 2.103959172964096069e-01
7.502063512802124023e-01 7.121803760528564453e-01 5.971368551254272461e-01
1.085560798645019531e+00 1.051517724990844727e+00 9.475010633468627930e-01
1.366458654403686523e+00 1.337684988975524902e+00 1.248585581779479980e+00
1.582886934280395508e+00 1.560442566871643066e+00 1.489524364471435547e+00
1.727611780166625977e+00 1.712271094322204590e+00 1.662018775939941406e+00
1.796576857566833496e+00 1.788788914680480957e+00 1.760783672332763672e+00
1.789160251617431641e+00 1.789034008979797363e+00 1.783867001533508301e+00
1.708256363868713379e+00 1.715564846992492676e+00 1.732798218727111816e+00
1.560159087181091309e+00 1.574355959892272949e+00 1.612538456916809082e+00
1.354257106781005859e+00 1.374499917030334473e+00 1.431237220764160156e+00
1.102572083473205566e+00 1.127751111984252930e+00 1.199827671051025391e+00
8.191670775413513184e-01 8.479470610618591309e-01 9.314876198768615723e-01
5.194526910781860352e-01 5.503317117691040039e-01 6.409922838211059570e-01
2.194003164768218994e-01 2.507911324501037598e-01 3.439652919769287109e-01
-6.529793143272399902e-02 -3.497400879859924316e-02 5.606091022491455078e-02
-3.200753331184387207e-01 -2.922976315021514893e-01 -2.078757137060165405e-01
-5.322731137275695801e-01 -5.083476901054382324e-01 -4.346063435077667236e-01
-6.917942762374877930e-01 -6.728022098541259766e-01 -6.131908893585205078e-01
-7.915882468223571777e-01 -7.783508896827697754e-01 -7.355232834815979004e-01
-8.279566764831542969e-01 -8.210074901580810547e-01 -7.966938614845275879e-01
-8.006820082664489746e-01 -8.002409338951110840e-01 -7.951813936233520508e-01
-7.129848599433898926e-01 -7.189364433288574219e-01 -7.328734397888183594e-01
-5.712978839874267578e-01 -5.831868648529052734e-01 -6.149071455001831055e-01
-3.848521709442138672e-01 -4.019071459770202637e-01 -4.493210911750793457e-01
-1.650892794132232666e-01 -1.862782537937164307e-01 -2.465340197086334229e-01
7.505139708518981934e-02 5.094692111015319824e-02 -1.868946850299835205e-02
3.218989670276641846e-01 2.962090969085693359e-01 2.210723161697387695e-01
5.618066787719726562e-01 5.359048843383789062e-01 4.593538343906402588e-01
7.818456888198852539e-01 7.570925951004028320e-01 6.831994056701660156e-01
9.704168438911437988e-01 9.481070637702941895e-01 8.807282447814941406e-01
1.117772579193115234e+00 1.099078655242919922e+00 1.041684150695800781e+00
1.216432809829711914e+00 1.202341675758361816e+00 1.157881021499633789e+00
1.261457562446594238e+00 1.252715587615966797e+00 1.223510503768920898e+00
1.250552177429199219e+00 1.247630238533020020e+00 1.235287427902221680e+00
1.183995485305786133e+00 1.187082648277282715e+00 1.192429661750793457e+00
1.064416170120239258e+00 1.073436498641967773e+00 1.096496224403381348e+00
8.964663743972778320e-01 9.111069440841674805e-01 9.511211514472961426e-01
6.864419579505920410e-01 7.061799764633178711e-01 7.616841197013854980e-01
4.418821334838867188e-01 4.660081863403320312e-01 5.349441170692443848e-01
1.711594164371490479e-01 1.988019943237304688e-01 2.786481976509094238e-01
-1.169348359107971191e-01 -8.677431941032409668e-02 1.124799251556396484e-03
-4.135858714580535889e-01 -3.819842934608459473e-01 -2.891084849834442139e-01
-7.102966904640197754e-01 -6.783539056777954102e-01 -5.836850404739379883e-01
-9.991415739059448242e-01 -9.679300785064697266e-01 -8.746441602706909180e-01
-1.272918224334716797e+00 -1.243447065353393555e+00 -1.154594063758850098e+00
-1.525215268135070801e+00 -1.498407006263732910e+00 -1.416802525520324707e+00
-1.750426769256591797e+00 -1.727100610733032227e+00 -1.655238509178161621e+00
-1.943744659423828125e+00 -1.924598097801208496e+00 -1.864594459533691406e+00
-2.101138353347778320e+00 -2.086725950241088867e+00 -2.040289640426635742e+00
-2.219314813613891602e+00 -2.210030555725097656e+00 -2.178449630737304688e+00
-2.295657873153686523e+00 -2.291727542877197266e+00 -2.275859117507934570e+00
-2.328159332275390625e+00 -2.329651117324829102e+00 -2.329908847808837891e+00
-2.315379619598388672e+00 -2.322219610214233398e+00 -2.338572263717651367e+00
-2.256458759307861328e+00 -2.268448114395141602e+00 -2.300436973571777344e+00
-2.151189804077148438e+00 -2.168015718460083008e+00 -2.214790821075439453e+00
-2.000132322311401367e+00 -2.021371364593505859e+00 -2.081740856170654297e+00
-1.804728627204895020e+00 -1.829852700233459473e+00 -1.902330875396728516e+00
-1.567400932312011719e+00 -1.595789670944213867e+00 -1.678635120391845703e+00
-1.291618824005126953e+00 -1.322580695152282715e+00 -1.413824677467346191e+00
-9.819523692131042480e-01 -1.014745712280273438e+00 -1.112221360206604004e+00
-6.441078186035156250e-01 -6.779586076736450195e-01 -7.793402671813964844e-01
-2.849318683147430420e-01 -3.190448284149169922e-01 -4.219007790088653564e-01
8.764639496803283691e-02 5.407851934432983398e-02 -4.777315258979797363e-02
4.647634029388427734e-01 4.325469732284545898e-01 3.341666758060455322e-01
8.368621468544006348e-01 8.067817091941833496e-01 7.142751216888427734e-01
1.194002509117126465e+00 1.166795253753662109e+00 1.082448720932006836e+00
1.526206016540527344e+00 1.502539277076721191e+00 1.428466677665710449e+00
1.823810338973999023e+00 1.804266214370727539e+00 1.742345571517944336e+00
2.077829122543334961e+00 2.062894582748413086e+00 2.014702081680297852e+00
2.280321121215820312e+00 2.270375490188598633e+00 2.237127780914306641e+00
2.424760580062866211e+00 2.420058965682983398e+00 2.402569770812988281e+00
2.506381511688232422e+00 2.507033348083496094e+00 2.505685091018676758e+00
2.522454500198364258e+00 2.528405427932739258e+00 2.543130874633789062e+00
2.472460269927978516e+00 2.483485221862792969e+00 2.513753890991210938e+00
2.358144760131835938e+00 2.373859882354736328e+00 2.418668985366821289e+00
2.183473110198974609e+00 2.203356266021728516e+00 2.261241436004638672e+00
1.954501390457153320e+00 1.977915763854980469e+00 2.046986818313598633e+00
1.679177641868591309e+00 1.705386996269226074e+00 1.783396601676940918e+00
1.367062926292419434e+00 1.395245671272277832e+00 1.479678392410278320e+00
1.028965234756469727e+00 1.058233141899108887e+00 1.146402478218078613e+00
6.764906048774719238e-01 7.059195041656494141e-01 7.950620651245117188e-01
3.215457797050476074e-01 3.502177596092224121e-01 4.375831782817840576e-01
-2.416452765464782715e-02 2.883762121200561523e-03 8.582559227943420410e-02
-3.496055006980895996e-01 -3.249598443508148193e-01 -2.488862276077270508e-01
-6.448282599449157715e-01 -6.232528686523437500e-01 -5.561882853507995605e-01
-9.013335704803466797e-01 -8.833707571029663086e-01 -8.270604610443115234e-01
-1.112386226654052734e+00 -1.098441362380981445e+00 -1.054167747497558594e+00
-1.273268461227416992e+00 -1.263593673706054688e+00 -1.232142567634582520e+00
-1.381443858146667480e+00 -1.376120924949645996e+00 -1.357776761054992676e+00
-1.436602115631103516e+00 -1.435532808303833008e+00 -1.430092930793762207e+00
-1.440575003623962402e+00 -1.443490147590637207e+00 -1.450289011001586914e+00
-1.397146701812744141e+00 -1.403633117675781250e+00 -1.421575307846069336e+00
-1.311788201332092285e+00 -1.321326255798339844e+00 -1.348937988281250000e+00
-1.191348314285278320e+00 -1.203347444534301758e+00 -1.238851904869079590e+00
-1.043706893920898438e+00 -1.057532310485839844e+00 -1.098948240280151367e+00
-8.773908615112304688e-01 -8.923838138580322266e-01 -9.376331567764282227e-01
-7.011537551879882812e-01 -7.166483998298645020e-01 -7.636582851409912109e-01
-5.235363841056823730e-01 -5.388830900192260742e-01 -5.856719613075256348e-01
-3.524486422538757324e-01 -3.670452833175659180e-01 -4.117902219295501709e-01
-1.948155760765075684e-01 -2.081383913755416870e-01 -2.492313832044601440e-01
-5.630923807621002197e-02 -6.793576478958129883e-02 -1.040367186069488525e-01
5.883450806140899658e-02 4.921534657478332520e-02 1.912888884544372559e-02
1.479243934154510498e-01 1.405110061168670654e-01 1.171090379357337952e-01
2.098545730113983154e-01 2.047364413738250732e-01 1.883255243301391602e-01
2.450732737779617310e-01 2.422343939542770386e-01 2.327730208635330200e-01
2.554647028446197510e-01 2.547871470451354980e-01 2.519215345382690430e-01
2.441424280405044556e-01 2.454133033752441406e-01 2.485228627920150757e-01
2.151699960231781006e-01 2.180966436862945557e-01 2.263384759426116943e-01
1.732446700334548950e-01 1.774763464927673340e-01 1.898294687271118164e-01
1.233800649642944336e-01 1.285314410924911499e-01 1.438456028699874878e-01
7.060644030570983887e-02 7.627902925014495850e-02 9.333501756191253662e-02
1.969210803508758545e-02 2.549169957637786865e-02 4.307123646140098572e-02
-2.511419355869293213e-02 -1.956167444586753845e-02 -2.606213092803955078e-03
-6.030871719121932983e-02 -5.534178018569946289e-02 -4.002908617258071899e-02
-8.330696821212768555e-02 -7.921040058135986328e-02 -6.639136373996734619e-02
-9.253954142332077026e-02 -8.952873200178146362e-02 -7.986594736576080322e-02
-8.746033906936645508e-02 -8.567345142364501953e-02 -7.963066548109054565e-02
-6.847979128360748291e-02 -6.797900795936584473e-02 -6.581507623195648193e-02
-3.685000538825988770e-02 -3.763001412153244019e-02 -3.939343243837356567e-02
5.472749471664428711e-03 3.475066274404525757e-03 -2.054199576377868652e-03
5.598130449652671814e-02 5.288047716021537781e-02 4.394268244504928589e-02
1.117915809154510498e-01 1.077497005462646484e-01 9.592750668525695801e-02
1.698380559682846069e-01 1.650614440441131592e-01 1.510048061609268188e-01
2.270788103342056274e-01 2.218099981546401978e-01 2.062489688396453857e-01
2.806839048862457275e-01 2.751878798007965088e-01 2.588886022567749023e-01
3.281797170639038086e-01 3.227259218692779541e-01 3.064539134502410889e-01
3.675364851951599121e-01 3.623812496662139893e-01 3.468707799911499023e-01
3.972084522247314453e-01 3.925818800926208496e-01 3.785086274147033691e-01
4.161472320556640625e-01 4.122456014156341553e-01 4.002026915550231934e-01
4.238044321537017822e-01 4.207852184772491455e-01 4.112633168697357178e-01
4.201204776763916016e-01 4.180978834629058838e-01 4.114715456962585449e-01
4.054836630821228027e-01 4.045269787311553955e-01 4.010483324527740479e-01
3.806551098823547363e-01 3.807902038097381592e-01 3.805889487266540527e-01
