0.000000000000000000e+00
0.000000000000000000e+00
0.000000000000000000e+00
0.000000000000000000e+00
0.000000000000000000e+00
0.000000000000000000e+00
0.000000000000000000e+00
0.000000000000000000e+00
0.000000000000000000e+00
0.000000000000000000e+00
0.000000000000000000e+00
0.000000000000000000e+00
0.000000000000000000e+00
0.000000000000000000e+00
0.000000000000000000e+00
0.000000000000000000e+00
0.000000000000000000e+00
0.000000000000000000e+00
0.000000000000000000e+00
0.000000000000000000e+00
0.000000000000000000e+00
5.686894504570647046e-17
1.444010545292580099e-15
1.450323638962913719e-09
6.093996418599090248e-09
7.238967469902490848e-08
2.610980516237759730e-07
1.240745405084453523e-06
3.590017058741068467e-06
1.016648275253828615e-05
2.277730163768865168e-05
4.499057104112580419e-05
7.694340456509962678e-05
1.140937820309773088e-04
1.504053943790495396e-04
1.782880572136491537e-04
1.983724796446040273e-04
2.223302726633846760e-04
2.658827288541942835e-04
3.396648389752954245e-04
4.411384288687258959e-04
5.542641738429665565e-04
6.634229794144630432e-04
7.681932765990495682e-04
8.855485357344150543e-04
1.040420844219624996e-03
1.253174967132508755e-03
1.528381602838635445e-03
1.854910515248775482e-03
2.215334214270114899e-03
2.603357192128896713e-03
3.033494576811790466e-03
3.544146893545985222e-03
4.180969670414924622e-03
4.975030664354562759e-03
5.926503799855709076e-03
7.014174014329910278e-03
8.224593475461006165e-03
9.579842910170555115e-03
1.114979851990938187e-02
1.302980538457632065e-02
1.530226599425077438e-02
1.799838431179523468e-02
2.110202983021736145e-02
2.459842152893543243e-02
2.853907085955142975e-02
3.307337686419487000e-02
3.840990364551544189e-02
4.472797736525535583e-02
5.211034044623374939e-02
6.055574864149093628e-02
7.008385658264160156e-02
8.085805922746658325e-02
9.321795403957366943e-02
1.075816452503204346e-01
1.242847293615341187e-01
1.434897035360336304e-01
1.652673184871673584e-01
1.898081004619598389e-01
2.175877243280410767e-01
2.493316531181335449e-01
2.857927978038787842e-01
3.275246322154998779e-01
3.748631477355957031e-01
4.281664192676544189e-01
4.881242215633392334e-01
5.558581948280334473e-01
6.327073574066162109e-01
7.198814153671264648e-01
8.183024525642395020e-01
9.288055896759033203e-01
1.052545428276062012e+00
1.191244959831237793e+00
1.347049713134765625e+00
1.522122859954833984e+00
1.718363881111145020e+00
1.937535524368286133e+00
2.181699514389038086e+00
2.453567028045654297e+00
2.756437301635742188e+00
3.093790054321289062e+00
3.468939065933227539e+00
3.885102510452270508e+00
4.345835685729980469e+00
4.855406761169433594e+00
5.418760299682617188e+00
6.041135311126708984e+00
6.727723598480224609e+00
7.483733654022216797e+00
8.314807891845703125e+00
9.227369308471679688e+00
1.022855186462402344e+01
1.132580661773681641e+01
1.252660369873046875e+01
1.383854198455810547e+01
1.526977348327636719e+01
1.682926940917968750e+01
1.852666854858398438e+01
2.037183380126953125e+01
2.237462425231933594e+01
2.454505920410156250e+01
2.689373970031738281e+01
2.943202018737792969e+01
3.217172241210937500e+01
3.512466049194335938e+01
3.830247497558593750e+01
4.171684646606445312e+01
4.537987518310546875e+01
4.930410385131835938e+01
5.350210189819335938e+01
5.798600769042968750e+01
6.276737213134765625e+01
6.785749816894531250e+01
7.326760864257812500e+01
7.900872802734375000e+01
8.509118652343750000e+01
9.152415466308593750e+01
9.831562042236328125e+01
1.054726104736328125e+02
1.130012969970703125e+02
1.209067077636718750e+02
1.291921386718750000e+02
1.378587188720703125e+02
1.469055175781250000e+02
1.563296661376953125e+02
1.661264343261718750e+02
1.762886657714843750e+02
1.868062286376953125e+02
1.976658325195312500e+02
2.088510437011718750e+02
2.203424377441406250e+02
2.321175079345703125e+02
2.441501464843750000e+02
2.564102172851562500e+02
2.688633728027343750e+02
2.814713134765625000e+02
2.941919555664062500e+02
3.069792785644531250e+02
3.197828674316406250e+02
3.325476379394531250e+02
3.452139587402343750e+02
3.577179870605468750e+02
3.699920349121093750e+02
3.819645080566406250e+02
3.935594787597656250e+02
4.046967468261718750e+02
4.152923889160156250e+02
4.252592468261718750e+02
4.345074768066406250e+02
4.429444580078125000e+02
4.504746398925781250e+02
4.570001525878906250e+02
4.624218444824218750e+02
4.666398620605468750e+02
4.695540466308593750e+02
4.710642089843750000e+02
4.710705871582031250e+02
4.694744262695312500e+02
4.661796264648437500e+02
4.610932922363281250e+02
4.541260681152343750e+02
4.451928710937500000e+02
4.342133178710937500e+02
4.211130065917968750e+02
4.058246459960937500e+02
3.882890625000000000e+02
3.684554443359375000e+02
3.462818603515625000e+02
3.217358703613281250e+02
2.947960815429687500e+02
2.654527587890625000e+02
2.337084350585937500e+02
1.995782775878906250e+02
1.630903320312500000e+02
1.242861633300781250e+02
8.322183990478515625e+01
3.996813964843750000e+01
-5.389760017395019531e+00
-5.275199890136718750e+01
-1.020038757324218750e+02
-1.530158691406250000e+02
-2.056435241699218750e+02
-2.597280273437500000e+02
-3.150968627929687500e+02
-3.715641174316406250e+02
-4.289308471679687500e+02
-4.869855957031250000e+02
-5.455058593750000000e+02
-6.042590332031250000e+02
-6.630034179687500000e+02
-7.214893798828125000e+02
-7.794596557617187500e+02
-8.366510009765625000e+02
-8.927965087890625000e+02
-9.476275024414062500e+02
-1.000874938964843750e+03
-1.052269409179687500e+03
-1.101542724609375000e+03
-1.148430786132812500e+03
-1.192675659179687500e+03
-1.234027587890625000e+03
-1.272246093750000000e+03
-1.307100585937500000e+03
-1.338372558593750000e+03
-1.365856689453125000e+03
-1.389363403320312500e+03
-1.408720825195312500e+03
-1.423776367187500000e+03
-1.434395874023437500e+03
-1.440465209960937500e+03
-1.441891479492187500e+03
-1.438604248046875000e+03
-1.430556762695312500e+03
-1.417727172851562500e+03
-1.400117431640625000e+03
-1.377753417968750000e+03
-1.350684692382812500e+03
-1.318985229492187500e+03
-1.282753906250000000e+03
-1.242113891601562500e+03
-1.197212036132812500e+03
-1.148215942382812500e+03
-1.095315063476562500e+03
-1.038719726562500000e+03
-9.786582641601562500e+02
-9.153784179687500000e+02
-8.491447143554687500e+02
-7.802360229492187500e+02
-7.089437255859375000e+02
-6.355701904296875000e+02
-5.604274902343750000e+02
-4.838361206054687500e+02
-4.061224975585937500e+02
-3.276170959472656250e+02
-2.486509552001953125e+02
-1.695541687011718750e+02
-9.065524291992187500e+01
-1.227907562255859375e+01
6.525527954101562500e+01
1.416370544433593750e+02
2.165654602050781250e+02
2.897510986328125000e+02
3.609169311523437500e+02
4.298003540039062500e+02
4.961546020507812500e+02
5.597501831054687500e+02
6.203758544921875000e+02
6.778381958007812500e+02
7.319631958007812500e+02
7.825977172851562500e+02
8.296095581054687500e+02
8.728879394531250000e+02
9.123439331054687500e+02
9.479088134765625000e+02
9.795343017578125000e+02
1.007193237304687500e+03
1.030879882812500000e+03
1.050609741210937500e+03
1.066416992187500000e+03
1.078353149414062500e+03
1.086487548828125000e+03
1.090906250000000000e+03
1.091711914062500000e+03
1.089023071289062500e+03
1.082970703125000000e+03
1.073697021484375000e+03
1.061354492187500000e+03
1.046106567382812500e+03
1.028125366210937500e+03
1.007590515136718750e+03
9.846868286132812500e+02
9.596024780273437500e+02
9.325288085937500000e+02
9.036592407226562500e+02
8.731884765625000000e+02
8.413110351562500000e+02
8.082192382812500000e+02
7.741022949218750000e+02
7.391459350585937500e+02
7.035309448242187500e+02
6.674334106445312500e+02
6.310225219726562500e+02
5.944606323242187500e+02
5.579027709960937500e+02
5.214964599609375000e+02
4.853804626464843750e+02
4.496843566894531250e+02
4.145281982421875000e+02
3.800228881835937500e+02
3.462702026367187500e+02
3.133629455566406250e+02
2.813842163085937500e+02
2.504069366455078125e+02
2.204945983886718750e+02
1.917017364501953125e+02
1.640747222900390625e+02
1.376512603759765625e+02
1.124599304199218750e+02
8.852098846435546875e+01
6.584737396240234375e+01
4.444570159912109375e+01
2.431645393371582031e+01
5.453385829925537109e+00
-1.215678119659423828e+01
-2.853306770324707031e+01
-4.369880294799804688e+01
-5.768031311035156250e+01
-7.050749206542968750e+01
-8.221480560302734375e+01
-9.284110260009765625e+01
-1.024279098510742188e+02
-1.110175018310546875e+02
-1.186525497436523438e+02
-1.253771438598632812e+02
-1.312380676269531250e+02
-1.362842407226562500e+02
-1.405645294189453125e+02
-1.441259460449218750e+02
-1.470137023925781250e+02
-1.492731475830078125e+02
-1.509510345458984375e+02
-1.520944671630859375e+02
-1.527483978271484375e+02
-1.529544525146484375e+02
-1.527518768310546875e+02
-1.521795959472656250e+02
-1.512768707275390625e+02
-1.500820007324218750e+02
-1.486299438476562500e+02
-1.469517059326171875e+02
-1.450762481689453125e+02
-1.430323638916015625e+02
-1.408489074707031250e+02
-1.385526580810546875e+02
-1.361667175292968750e+02
-1.337108917236328125e+02
-1.312036743164062500e+02
-1.286637725830078125e+02
-1.261091995239257812e+02
-1.235554275512695312e+02
-1.210145950317382812e+02
-1.184967193603515625e+02
-1.160116653442382812e+02
-1.135695800781250000e+02
-1.111795196533203125e+02
-1.088478088378906250e+02
-1.065781707763671875e+02
-1.043735580444335938e+02
-1.022376937866210938e+02
-1.001744079589843750e+02
-9.818584442138671875e+01
-9.627162933349609375e+01
-9.443005371093750000e+01
-9.265991973876953125e+01
-9.096099853515625000e+01
-8.933267211914062500e+01
-8.777239227294921875e+01
-8.627577209472656250e+01
-8.483836364746093750e+01
-8.345704650878906250e+01
-8.212940216064453125e+01
-8.085190582275390625e+01
-7.961911773681640625e+01
-7.842490386962890625e+01
-7.726422119140625000e+01
-7.613341522216796875e+01
-7.502874755859375000e+01
-7.394499969482421875e+01
-7.287567138671875000e+01
-7.181475067138671875e+01
-7.075782775878906250e+01
-6.970139312744140625e+01
-6.864093017578125000e+01
-6.757035064697265625e+01
-6.648345184326171875e+01
-6.537574005126953125e+01
-6.424442291259765625e+01
-6.308640670776367188e+01
-6.189677810668945312e+01
-6.066949081420898438e+01
-5.939968109130859375e+01
-5.808485794067382812e+01
-5.672367095947265625e+01
-5.531351852416992188e+01
-5.384984970092773438e+01
-5.232798004150390625e+01
-5.074537658691406250e+01
-4.910177993774414062e+01
-4.739688110351562500e+01
-4.562823486328125000e+01
-4.379202651977539062e+01
-4.188569641113281250e+01
-3.990959930419921875e+01
-3.786563873291015625e+01
-3.575436401367187500e+01
-3.357387542724609375e+01
-3.132180213928222656e+01
-2.899817657470703125e+01
-2.660589981079101562e+01
-2.414827156066894531e+01
-2.162635421752929688e+01
-1.903923606872558594e+01
-1.638684654235839844e+01
-1.367208862304687500e+01
-1.089984130859375000e+01
-8.074040412902832031e+00
-5.196179389953613281e+00
-2.266927719116210938e+00
7.110695838928222656e-01
3.732475519180297852e+00
6.791412830352783203e+00
9.883916854858398438e+00
1.300789356231689453e+01
1.616056442260742188e+01
1.933653450012207031e+01
2.252876853942871094e+01
2.573130607604980469e+01
2.894051742553710938e+01
3.215336990356445312e+01
3.536471557617187500e+01
3.856690597534179688e+01
4.175218582153320312e+01
4.491519927978515625e+01
4.805250549316406250e+01
5.115980911254882812e+01
5.422994995117187500e+01
5.725410461425781250e+01
6.022487258911132812e+01
6.313767242431640625e+01
6.598873138427734375e+01
6.877219390869140625e+01
7.147947692871093750e+01
7.410187530517578125e+01
7.663326263427734375e+01
7.906977081298828125e+01
8.140699005126953125e+01
8.363774108886718750e+01
8.575312805175781250e+01
8.774565124511718750e+01
8.961078643798828125e+01
9.134510040283203125e+01
9.294335174560546875e+01
9.439785766601562500e+01
9.570082092285156250e+01
9.684700775146484375e+01
9.783347320556640625e+01
9.865687561035156250e+01
9.931149291992187500e+01
9.979033660888671875e+01
1.000881347656250000e+02
1.002025985717773438e+02
1.001325683593750000e+02
9.987506103515625000e+01
9.942481231689453125e+01
9.877689361572265625e+01
9.792935180664062500e+01
9.688294982910156250e+01
9.563823699951171875e+01
9.419355010986328125e+01
9.254601287841796875e+01
9.069450378417968750e+01
8.864104461669921875e+01
8.638906097412109375e+01
8.394077301025390625e+01
8.129666137695312500e+01
7.845782470703125000e+01
7.542826080322265625e+01
7.221438598632812500e+01
6.882238769531250000e+01
6.525655364990234375e+01
6.152061080932617188e+01
5.762050628662109375e+01
5.356539916992187500e+01
4.936553955078125000e+01
4.502961730957031250e+01
4.056465530395507812e+01
3.597853088378906250e+01
3.128225326538085938e+01
2.648921012878417969e+01
2.161230278015136719e+01
1.666222763061523438e+01
1.164889907836914062e+01
6.584324836730957031e+00
1.483477234840393066e+00
-3.637887716293334961e+00
-8.765872955322265625e+00
-1.388856697082519531e+01
-1.899358177185058594e+01
-2.406599998474121094e+01
-2.908919334411621094e+01
-3.404753875732421875e+01
-3.892797851562500000e+01
-4.371861267089843750e+01
-4.840604782104492188e+01
-5.297480773925781250e+01
-5.740950012207031250e+01
-6.169722366333007812e+01
-6.582749938964843750e+01
-6.978981781005859375e+01
-7.357186889648437500e+01
-7.716058349609375000e+01
-8.054486846923828125e+01
-8.371675872802734375e+01
-8.666974639892578125e+01
-8.939623260498046875e+01
-9.188729095458984375e+01
-9.413495635986328125e+01
-9.613454437255859375e+01
-9.788421630859375000e+01
-9.938230895996093750e+01
-1.006255950927734375e+02
-1.016104888916015625e+02
-1.023358306884765625e+02
-1.028039321899414062e+02
-1.030187988281250000e+02
-1.029835662841796875e+02
-1.027001724243164062e+02
-1.021715545654296875e+02
-1.014036636352539062e+02
-1.004049835205078125e+02
-9.918402862548828125e+01
-9.774787139892578125e+01
-9.610330963134765625e+01
-9.425926971435546875e+01
-9.222746276855468750e+01
-9.002046203613281250e+01
-8.764940643310546875e+01
-8.512404632568359375e+01
-8.245497131347656250e+01
-7.965531921386718750e+01
-7.673976898193359375e+01
-7.372202301025390625e+01
-7.061370849609375000e+01
-6.742574310302734375e+01
-6.417076110839843750e+01
-6.086336517333984375e+01
-5.751808166503906250e+01
-5.414715957641601562e+01
-5.076082229614257812e+01
-4.736959838867187500e+01
-4.398593139648437500e+01
-4.062304306030273438e+01
-3.729249572753906250e+01
-3.400318527221679688e+01
-3.076294517517089844e+01
-2.758072280883789062e+01
-2.446678543090820312e+01
-2.143065834045410156e+01
-1.847925376892089844e+01
-1.561740207672119141e+01
-1.285007190704345703e+01
-1.018365573883056641e+01
-7.624724864959716797e+00
-5.177826881408691406e+00
-2.844948291778564453e+00
-6.273166537284851074e-01
1.472618222236633301e+00
3.451414585113525391e+00
5.306819915771484375e+00
7.039257526397705078e+00
8.650835037231445312e+00
1.014293766021728516e+01
1.151523685455322266e+01
1.276728057861328125e+01
1.390076446533203125e+01
1.491981220245361328e+01
1.582890129089355469e+01
1.663080406188964844e+01
1.732691383361816406e+01
1.791952514648437500e+01
1.841334533691406250e+01
1.881440544128417969e+01
1.912766456604003906e+01
1.935614585876464844e+01
1.950253295898437500e+01
1.957126235961914062e+01
1.956860733032226562e+01
1.950065231323242188e+01
1.937155342102050781e+01
1.918408393859863281e+01
1.894182586669921875e+01
1.865031623840332031e+01
1.831582260131835938e+01
1.794313621520996094e+01
1.753502655029296875e+01
1.709399795532226562e+01
1.662421417236328125e+01
1.613126373291015625e+01
1.562006759643554688e+01
1.509339237213134766e+01
1.455271911621093750e+01
1.400041866302490234e+01
1.344064617156982422e+01
1.287792968750000000e+01
1.231511402130126953e+01
1.175312614440917969e+01
1.119281673431396484e+01
1.063667964935302734e+01
1.008837604522705078e+01
9.550610542297363281e+00
9.023950576782226562e+00
8.507996559143066406e+00
8.003520965576171875e+00
7.513046264648437500e+00
7.039189815521240234e+00
6.582710266113281250e+00
6.142574310302734375e+00
5.717966079711914062e+00
5.309856414794921875e+00
4.920306205749511719e+00
4.550364017486572266e+00
4.199064731597900391e+00
3.864722728729248047e+00
3.546983957290649414e+00
3.247161865234375000e+00
2.966478347778320312e+00
2.704325437545776367e+00
2.458638191223144531e+00
2.227929353713989258e+00
2.012574434280395508e+00
1.813825964927673340e+00
1.631734132766723633e+00
1.464466333389282227e+00
1.309828519821166992e+00
1.167193531990051270e+00
1.037549614906311035e+00
9.216030836105346680e-01
8.181928396224975586e-01
7.249117493629455566e-01
6.402057409286499023e-01
5.644629597663879395e-01
4.988021552562713623e-01
4.430232644081115723e-01
3.951423168182373047e-01
3.530553877353668213e-01
3.163312673568725586e-01
2.860145270824432373e-01
2.627097964286804199e-01
2.452279925346374512e-01
2.314105033874511719e-01
2.201393097639083862e-01
2.121322453022003174e-01
2.085561603307723999e-01
2.091142237186431885e-01
2.119062095880508423e-01
2.152322530746459961e-01
2.192016988992691040e-01
2.252190113067626953e-01
2.339596003293991089e-01
2.442447245121002197e-01
2.541374564170837402e-01
2.629477679729461670e-01
2.717719972133636475e-01
2.819409966468811035e-01
2.932374775409698486e-01
3.039898574352264404e-01
3.129320740699768066e-01
3.205824494361877441e-01
3.284975886344909668e-01
3.372763693332672119e-01
3.457147479057312012e-01
3.521322607994079590e-01
3.562940061092376709e-01
3.596544563770294189e-01
3.636129796504974365e-01
3.678646385669708252e-01
3.707837760448455811e-01
3.713816106319427490e-01
3.704817593097686768e-01
3.697327673435211182e-01
3.696320056915283203e-01
3.689329028129577637e-01
3.661557734012603760e-01
3.614039719104766846e-01
3.563162684440612793e-01
3.521752059459686279e-01
3.484233319759368896e-01
3.433506786823272705e-01
3.361564874649047852e-01
3.279504477977752686e-01
3.205011188983917236e-01
3.142127394676208496e-01
3.077106475830078125e-01
2.995134294033050537e-01
2.898073196411132812e-01
2.802485525608062744e-01
2.720456421375274658e-01
2.645967304706573486e-01
2.562907338142395020e-01
2.464804500341415405e-01
2.362764477729797363e-01
2.272184491157531738e-01
2.194342315196990967e-01
2.115031778812408447e-01
2.021896243095397949e-01
1.919707655906677246e-01
1.825282126665115356e-01
1.747905015945434570e-01
1.678462624549865723e-01
1.600215882062911987e-01
1.508535742759704590e-01
1.416362076997756958e-01
1.339047700166702271e-01
1.276562511920928955e-01
1.214006617665290833e-01
1.139578819274902344e-01
1.058484762907028198e-01
9.863108396530151367e-02
9.300254285335540771e-02
8.794868737459182739e-02
8.196920156478881836e-02
7.490887492895126343e-02
6.819448620080947876e-02
6.317026168107986450e-02
5.949554219841957092e-02
5.550958216190338135e-02
5.014172196388244629e-02
4.413815960288047791e-02
3.916315361857414246e-02
3.585243225097656250e-02
3.310767561197280884e-02
2.943889796733856201e-02
2.473239041864871979e-02
2.034659311175346375e-02
1.744571700692176819e-02
1.558640971779823303e-02
1.324202679097652435e-02
9.626045823097229004e-03
5.635285284370183945e-03
2.786023076623678207e-03
1.413455698639154434e-03
2.770395949482917786e-04
-1.961474074050784111e-03
-5.152937956154346466e-03
-7.857350632548332214e-03
-9.090429171919822693e-03
-9.516391903162002563e-03
-1.066753268241882324e-02
-1.311135664582252502e-02
-1.575177535414695740e-02
-1.711087301373481750e-02
-1.707933843135833740e-02
-1.706545427441596985e-02
-1.835877448320388794e-02
-2.063549123704433441e-02
-2.236188389360904694e-02
-2.260201051831245422e-02
-2.209381386637687683e-02
-2.234691195189952850e-02
-2.385130897164344788e-02
-2.552804350852966309e-02
-2.604833990335464478e-02
-2.542224153876304626e-02
-2.496178634464740753e-02
-2.568041719496250153e-02
-2.706604264676570892e-02
-2.770669013261795044e-02
-2.701400406658649445e-02
-2.597174234688282013e-02
-2.599230781197547913e-02
-2.723043970763683319e-02
-2.836358174681663513e-02
-2.812083438038825989e-02
-2.676777541637420654e-02
-2.579424716532230377e-02
-2.616832032799720764e-02
-2.721312642097473145e-02
-2.742963284254074097e-02
-2.628499455749988556e-02
-2.484647557139396667e-02
-2.451072260737419128e-02
-2.534212544560432434e-02
-2.598794922232627869e-02
-2.526711858808994293e-02
-2.355714887380599976e-02
-2.235124260187149048e-02
-2.252249233424663544e-02
-2.332402952015399933e-02
-2.328491583466529846e-02
-2.192622050642967224e-02
-2.028076536953449249e-02
-1.963519677519798279e-02
-2.001572586596012115e-02
-2.020972408354282379e-02
-1.925484836101531982e-02
-1.760174334049224854e-02
-1.655514724552631378e-02
-1.668658107519149780e-02
-1.713182404637336731e-02
-1.660683751106262207e-02
-1.493536122143268585e-02
-1.327052060514688492e-02
-1.274702791124582291e-02
-1.315548270940780640e-02
-1.320026349276304245e-02
-1.203297171741724014e-02
-1.023954339325428009e-02
-9.122890420258045197e-03
-9.151324629783630371e-03
-9.417968802154064178e-03
-8.743081241846084595e-03
-7.087502628564834595e-03
-5.597109440714120865e-03
-5.231641698628664017e-03
-5.617142189294099808e-03
-5.482405424118041992e-03
-4.149226471781730652e-03
-2.330277115106582642e-03
-1.291953958570957184e-03
-1.381292822770774364e-03
-1.647337805479764938e-03
-9.801411069929599762e-04
5.937557434663176537e-04
1.983663067221641541e-03
2.355967648327350616e-03
2.115662209689617157e-03
2.388233784586191177e-03
3.655402222648262978e-03
5.179122090339660645e-03
5.893753841519355774e-03
5.682491697371006012e-03
5.525125190615653992e-03
6.343606393784284592e-03
7.913723587989807129e-03
9.136406704783439636e-03
9.326830506324768066e-03
8.999570272862911224e-03
9.234364144504070282e-03
1.039072405546903610e-02
1.171132270246744156e-02
1.225571241229772568e-02
1.203224621713161469e-02
1.197895221412181854e-02
1.282705925405025482e-02
1.422430016100406647e-02
1.514825411140918732e-02
1.511258073151111603e-02
1.473132614046335220e-02
1.499042380601167679e-02
1.609307713806629181e-02
1.724771969020366669e-02
1.762919500470161438e-02
1.734868623316287994e-02
1.729290746152400970e-02
1.804221980273723602e-02
1.918314956128597260e-02
1.982102170586585999e-02
1.966248080134391785e-02
1.936220936477184296e-02
1.973115466535091400e-02
2.076630853116512299e-02
2.165999077260494232e-02
2.176808007061481476e-02
2.137603424489498138e-02
2.135009318590164185e-02
2.209924533963203430e-02
2.308865450322628021e-02
2.348420768976211548e-02
2.315040305256843567e-02
2.280909940600395203e-02
2.318237349390983582e-02
2.413632906973361969e-02
2.484980225563049316e-02
2.478797547519207001e-02
2.432204969227313995e-02
2.427375689148902893e-02
2.493895404040813446e-02
2.575741522014141083e-02
2.599853649735450745e-02
2.563042566180229187e-02
2.533859014511108398e-02
2.569036930799484253e-02
2.645651064813137054e-02
2.689486369490623474e-02
2.664724923670291901e-02
2.616806514561176300e-02
2.618030086159706116e-02
2.681548893451690674e-02
2.746598608791828156e-02
2.751124650239944458e-02
2.704036608338356018e-02
2.672383189201354980e-02
2.699998579919338226e-02
2.757123485207557678e-02
2.779632993042469025e-02
2.748164720833301544e-02
2.711155824363231659e-02
2.724055200815200806e-02
2.779326029121875763e-02
2.813280746340751648e-02
2.782662399113178253e-02
2.718888595700263977e-02
2.694129943847656250e-02
2.737576328217983246e-02
2.800519391894340515e-02
2.811829373240470886e-02
2.758739329874515533e-02
2.699227444827556610e-02
2.693350240588188171e-02
2.735473215579986572e-02
2.765354327857494354e-02
2.741505578160285950e-02
2.688271366059780121e-02
2.662442624568939209e-02
2.683206088840961456e-02
2.710196375846862793e-02
2.694410085678100586e-02
2.638976648449897766e-02
2.595384605228900909e-02
2.600254118442535400e-02
2.630392089486122131e-02
2.630443684756755829e-02
2.580180205404758453e-02
2.519443258643150330e-02
2.500361390411853790e-02
2.524367347359657288e-02
2.539848163723945618e-02
2.503650449216365814e-02
2.432436868548393250e-02
2.383415587246417999e-02
2.387116663157939911e-02
2.412190102040767670e-02
2.402903698384761810e-02
2.344220690429210663e-02
2.277649194002151489e-02
2.250362373888492584e-02
2.259639278054237366e-02
2.258152887225151062e-02
2.212511189281940460e-02
2.143276296555995941e-02
2.098671346902847290e-02
2.095510810613632202e-02
2.099013514816761017e-02
2.065642550587654114e-02
1.996176503598690033e-02
1.935044676065444946e-02
1.916743069887161255e-02
1.924039423465728760e-02
1.907921582460403442e-02
1.845607906579971313e-02
1.767488196492195129e-02
1.720944605767726898e-02
1.715019904077053070e-02
1.710953377187252045e-02
1.669346168637275696e-02
1.596312783658504486e-02
1.534403860569000244e-02
1.510615460574626923e-02
1.504742819815874100e-02
1.475463341921567917e-02
1.410819590091705322e-02
1.341975666582584381e-02
1.304366812109947205e-02
1.294531766325235367e-02
1.274460833519697189e-02
1.218014582991600037e-02
1.142691262066364288e-02
1.088454388082027435e-02
1.069723907858133316e-02
1.058604661375284195e-02
1.019305735826492310e-02
9.512393735349178314e-03
8.886977098882198334e-03
8.576605468988418579e-03
8.437069132924079895e-03
8.100755512714385986e-03
7.437237072736024857e-03
6.729909218847751617e-03
6.342983338981866837e-03
6.279444787651300430e-03
6.159643176943063736e-03
5.657929927110671997e-03
4.882850684225559235e-03
4.250879399478435516e-03
4.004498012363910675e-03
3.943690098822116852e-03
3.680243622511625290e-03
3.099119290709495544e-03
2.472363179549574852e-03
2.106385771185159683e-03
1.966355834156274796e-03
1.730766263790428638e-03
1.201304141432046890e-03
5.582958692684769630e-04
1.492210431024432182e-04
6.401096470654010773e-05
1.278787385672330856e-05
-3.398786066100001335e-04
-9.817905956879258156e-04
-1.571023603901267052e-03
-1.837487332522869110e-03
-1.887033344246447086e-03
-2.053489442914724350e-03
-2.490020124241709709e-03
-3.004491329193115234e-03
-3.322703531011939049e-03
-3.435822203755378723e-03
-3.602292854338884354e-03
-4.006159026175737381e-03
-4.506429657340049744e-03
-4.805313423275947571e-03
-4.828868433833122253e-03
-4.847982898354530334e-03
-5.168227478861808777e-03
-5.750058218836784363e-03
-6.230970378965139389e-03
-6.340098567306995392e-03
-6.221738178282976151e-03
-6.273764651268720627e-03
-6.684098392724990845e-03
-7.214397192001342773e-03
-7.488909177482128143e-03
-7.442126516252756119e-03
-7.391679100692272186e-03
-7.652898319065570831e-03
-8.157772943377494812e-03
-8.536137640476226807e-03
-8.557958528399467468e-03
-8.408392779529094696e-03
-8.467418141663074493e-03
-8.857452310621738434e-03
-9.302568621933460236e-03
-9.466282092034816742e-03
-9.356030263006687164e-03
-9.305698797106742859e-03
-9.564625099301338196e-03
-9.994694963097572327e-03
-1.024363096803426743e-02
-1.017704885452985764e-02
-1.004213280975818634e-02
-1.016483549028635025e-02
-1.055048871785402298e-02
-1.087725814431905746e-02
-1.089266128838062286e-02
-1.072696596384048462e-02
-1.073608547449111938e-02
-1.106297131627798080e-02
-1.145184878259897232e-02
-1.155370939522981644e-02
-1.135712116956710815e-02
-1.121507119387388229e-02
