0.0	12.974097419597896
0.0	21.970831674925353
0.0	0.0
0.0	18.090607475474993
0.0	0.0
0.0	0.0
0.0	0.0
0.0	0.0
0.0	9.0188996368226
0.0	17.178107193548588
0.0	0.0
0.0	23.937413888909816
0.0	13.180541148901153
0.0	0.0
0.0	17.515408223566652
0.0	0.0
0.0	0.0
0.0	13.02635493257463
0.0	13.956763790786137
0.0	23.330303772670366
2.0	34.24803890188361
2.0	9.472905268739984
2.0	26.690596983827493
2.0	64.97273135978094
2.0	24.790323957786832
2.0	47.73191596256165
2.0	29.45722649953995
2.0	19.973721667116408
2.0	22.801752683367532
2.0	21.769762516995577
2.0	27.17462780108827
2.0	17.711535012640017
2.0	54.9298798684183
2.0	7.425477530944221
2.0	23.670930788113438
2.0	11.361149019245286
2.0	23.895893682420215
2.0	8.401004558924338
2.0	42.12073461612426
2.0	14.479720411969176
1.0	13.39886810219781
1.0	11.862933055094851
1.0	3.7313923651491763
1.0	7.623617702275316
1.0	0.8578549496900724
1.0	21.07647369387547
1.0	0.5411392361236157
1.0	7.229673407560466
1.0	19.275177755699495
1.0	14.695400365286146
1.0	31.470340812859963
1.0	33.81551406164422
1.0	5.462728182124991
1.0	18.929939840132803
1.0	1.1298096032740093
1.0	32.117615352371494
1.0	7.2996576601443195
1.0	23.654423203952188
1.0	37.33634633663091
1.0	14.613940846232536
3.0	5.266055301106837
3.0	65.65448341897749
3.0	16.358226647871227
3.0	54.12010543470197
3.0	65.01285514236736
3.0	67.0855150241926
3.0	14.820418954245582
3.0	33.55850317483952
3.0	22.77553705726638
3.0	48.251722422528566
3.0	14.243629380044379
3.0	71.89029732220979
3.0	5.757262514764657
3.0	7.400255410203871
3.0	15.44302154795694
3.0	15.951922003076136
3.0	74.44682837146533
3.0	23.888564573259142
3.0	30.86587638384861
3.0	16.570889681973476
